1
5
7
8
9
10
11
12
13
14
15
18
19
20
21
22
24
25
26
28
29
30
31
32
33
34
35
37
38
39
40
41
43
45
46
48
49
50
51
52
53
54
55
57
58
59
63
64
70
71
76
81
83
92
94
97
100
102
103
104
106
108
109
110
111
117
118
119
120
122
123
124
126
128
129
130
131
138
140
142
143
147
148
149
150
152
153
154
156
158
160
168
170
172
176
177
178
179
180
181
186
187
188
189
190
196
197
198
200
208
210
212
215
216
217
218
219
221
223
228
229
230
235
237
238
239
240
241
243
244
245
246
248
249
250
252
256
257
260
263
268
269
270
278
279
281
284
288
290
296
297
298
299
300
301
302
304
308
310
314
315
317
318
329
330
331
338
340
342
345
348
358
361
362
365
368
369
370
371
373
374
375
376
377
379
380
384
386
387
390
394
395
398
400
401
403
404
405
406
407
408
415
417
421
428
429
430
434
436
437
440
442
443
447
448
451
453
454
469
470
471
479
480
481
487
490
495
498
500
502
503
510
512
513
514
518
520
524
528
529
530
532
533
541
542
548
549
553
554
556
558
559
564
566
567
568
569
570
578
579
580
582
584
587
589
593
594
595
597
598
599
604
606
607
609
615
618
619
622
624
625
626
627
628
629
630
633
636
637
638
639
642
644
645
646
647
648
649
651
654
656
657
658
659
663
664
665
666
667
668
669
676
678
679
681
682
683
684
685
686
687
688
689
690
694
695
698
699
700
701
702
704
705
707
708
709
710
714
715
716
719
721
724
725
728
729
733
739
745
746
748
749
756
757
758
759
766
767
768
769
773
774
775
776
777
779
789
790
791
792
793
796
797
799
809
816
817
818
819
827
828
829
831
837
839
848
849
859
861
862
864
868
869
870
871
873
874
875
879
884
887
889
890
896
897
898
899
903
905
906
907
