1
5
9
13
14
19
20
22
26
28
29
30
31
34
37
39
40
43
45
46
48
49
50
52
53
54
55
59
63
64
70
76
81
83
92
94
97
103
104
108
109
111
118
119
122
123
124
126
129
131
138
140
142
143
150
152
153
154
158
170
172
177
180
181
186
188
189
196
197
198
212
215
216
217
219
221
223
228
229
235
237
239
240
243
244
245
250
252
256
257
260
263
269
270
279
281
284
288
290
298
299
300
301
304
310
314
315
317
318
329
338
340
348
358
361
362
365
368
369
370
371
373
375
379
380
384
386
387
390
395
403
415
417
421
429
434
436
437
440
442
447
448
451
453
454
469
470
471
479
480
481
487
495
498
502
510
512
514
518
520
532
533
541
548
549
553
554
556
558
564
566
567
568
569
570
578
579
582
584
587
593
594
595
597
598
599
606
609
615
618
619
622
624
626
627
628
629
630
633
636
637
639
642
644
645
646
647
648
649
651
654
656
658
663
664
665
666
668
676
678
679
681
682
685
686
687
689
690
698
700
707
709
710
714
715
716
721
724
725
728
733
745
746
748
749
756
757
758
766
767
773
774
775
776
777
791
792
793
797
816
818
819
827
828
829
831
837
839
848
862
864
869
870
871
874
875
879
884
887
896
897
898
905
906
907
